Epoch 13
Train Loss: 2.325977
Val Loss:   2.732400
BLEU-1: 0.628726
BLEU-2: 0.403539
BLEU-3: 0.275618
BLEU-4: 0.183504
ROUGE-1: 0.465589
ROUGE-L: 0.443466
CIDEr: 0.3930680
