Epoch 5
Train Loss: 2.327262
Val Loss:   2.612914
BLEU-1: 0.623912
BLEU-2: 0.414076
BLEU-3: 0.283812
BLEU-4: 0.190074
ROUGE-1: 0.475125
ROUGE-L: 0.451566
CIDEr: 0.417111
