Epoch 14
Train Loss: 2.425452
Val Loss:   2.750212
BLEU-1: 0.603892
BLEU-2: 0.383851
BLEU-3: 0.249675
BLEU-4: 0.157860
ROUGE-1: 0.450100
ROUGE-L: 0.427997
CIDEr: 0.343646
